ami
3
4
5
7
3
7
8
5
5
1
3
2
5
4
6
4
5
10
4
6
8
3
5
2
3
4
1
4
7
3
4
5
4
2
6
5
6
2
6
4
6
5
6
4
4
6
1
4
6
5
4
7
4
3
2
2
3
4
5
4
7
3
4
3
5
3
4
6
2
7
3
6
3
3
4
7
7
4
6
8
4
5
4
3
6
3
5
2
3
2
3
1
5
7
6
6
4
4
6
5
5
3
3
10
5
3
2
4
8
5
9
6
3
4
2
1
5
2
4
5
10
4
4
2
6
4
4
3
3
5
5
2
1
5
8
5
5
4
9
4
5
5
3
3
6
4
2
6
2
7
5
5
3
4
4
2
4
2
3
3
3
7
4
6
7
4
1
3
6
3
5
6
7
4
4
7
5
6
5
7
3
3
7
4
7
3
6
6
8
4
5
4
2
8
3
5
2
6
3
6
3
3
4
3
2
4
5
2
3
5
8
2
6
8
6
3
5
8
8
3
3
2
3
4
8
4
3
1
4
7
3
2
4
5
4
5
5
5
4
4
3
5
7
2
4
3
4
2
4
8
6
8
4
5
4
2
3
4
4
8
4
3
3
6
5
2
1
6
5
2
1
2
4
2
3
3
3
2
4
6
1
4
7
4
1
2
3
2
2
3
3
2
9
3
4
5
2
2
1
8
5
2
4
4
4
10
2
6
2
4
2
3
6
5
3
4
2
3
9
5
5
3
4
11
7
8
6
6
3
6
10
3
4
6
2
4
4
2
5
9
10
2
4
4
5
3
4
2
4
6
4
1
6
4
9
3
7
2
7
4
2
3
6
3
5
