cost
506.308545337502
614.484918464674
754.784533120882
482.962432575371
587.974824344901
609.242028438109
666.795472927173
572.030197582816
794.447393665293
582.121298788034
637.765075079256
694.175277746366
556.730464449619
492.033102305109
774.222896030858
454.644481220326
683.860458092126
599.580671801523
697.282869212708
639.226515453962
905.081920524914
476.007418035613
754.963820029007
791.465164222325
596.493777682814
565.175611621113
643.723730261362
536.34418313686
675.220327029965
624.963671017735
669.893860376213
627.896040109765
703.616435381201
567.584227951175
518.332472602024
536.433950130822
423.402022085397
505.741552023631
540.093808509953
571.348743266648
557.641377156856
400.089682483287
511.829493986439
786.354746734764
658.249393012074
795.092043558031
565.451627515855
586.915576479924
577.583854844874
476.123223469259
512.171285239796
902.630135573124
539.775294665751
723.571551185092
491.242737300502
538.589488776993
563.702890624003
689.586252680863
709.922980273408
763.161876732599
417.175779323515
799.124251875525
525.685566700611
611.816476256012
646.623479748072
552.626279765382
429.498082966815
549.799229488888
581.803013813913
415.211754831049
473.33139287264
906.342440846688
431.386527442846
1093.71350376307
453.913826970879
