X =
   -0.4472    0.0976   -0.6330    0.6780   -0.2619
   -0.4472    0.3525    0.5895    0.3223   -0.1732
   -0.4472    0.5501   -0.3915   -0.5501    0.3915
   -0.4472   -0.3223    0.1732   -0.3525   -0.5895
   -0.4472   -0.6780    0.2619   -0.0976    0.6330
D =
   65.0000         0         0         0         0
         0  -21.2768         0         0         0
         0         0  -13.1263         0         0
         0         0         0   21.2768         0
         0         0         0         0   13.1263
maxDiff =
  2.8422e-014
