B =
    4.0000   -6.0000    4.0000   -1.0000
   -6.0000   14.0000  -11.0000    3.0000
    4.0000  -11.0000   10.0000   -3.0000
   -1.0000    3.0000   -3.0000    1.0000
I1 =
    1.0000         0         0         0
         0    1.0000         0         0
         0         0    1.0000         0
   -0.0000   -0.0000    0.0000    1.0000
I2 =
    1.0000         0         0   -0.0000
         0    1.0000         0   -0.0000
         0         0    1.0000    0.0000
         0         0         0    1.0000
maxDiff =
  7.1054e-015
