  0.0000000e+000  4.8294773e+000
  1.0000000e-001  4.1213066e+000
  2.0000000e-001  3.3910515e+000
  3.0000000e-001  2.7342027e+000
  4.0000000e-001  2.2642898e+000
  5.0000000e-001  1.6556118e+000
  6.0000000e-001  1.3557419e+000
  7.0000000e-001  1.3149045e+000
  8.0000000e-001  9.8602581e-001
  9.0000000e-001  6.6333465e-001
  1.0000000e+000  6.4488254e-001
  1.1000000e+000  4.7438692e-001
  1.2000000e+000  5.2266978e-001
  1.3000000e+000  3.6716688e-001
  1.4000000e+000  3.3645444e-001
  1.5000000e+000  2.9958098e-001
  1.6000000e+000  1.0095206e-001
  1.7000000e+000  1.7680898e-001
  1.8000000e+000  1.2498356e-001
  1.9000000e+000  1.8077775e-001
  2.0000000e+000  2.7990727e-001
