-6.754654 -0.651536 
-6.422037 0.983342 
-1.882367 3.007592 
-7.206826 -0.344278 
0.421990 -3.007868 
0.560716 -3.179246 
-5.857639 -1.510248 
0.056663 -2.943171 
-4.360250 -2.601643 
4.878992 1.899662 
-6.690568 -0.386059 
-3.469735 2.011331 
5.892632 1.611210 
4.094867 2.635552 
1.957004 2.805933 
-3.089439 -2.696058 
-6.303859 1.042160 
-2.162735 -2.502153 
-0.480051 2.947392 
7.034961 0.442635 
-6.987297 -0.531961 
-1.030400 2.896377 
6.494058 -0.777938 
5.807524 -1.467194 
-5.537649 1.850723 
7.113604 0.725798 
-3.231075 -2.285601 
3.444294 -2.574282 
6.761527 -0.585489 
6.347741 1.131346 
-6.560641 0.991595 
-6.014677 -1.324388 
-3.040861 -2.816497 
-1.717536 -2.801817 
-4.121126 -2.217783 
-0.872356 -2.932986 
-4.880020 2.167283 
-6.409081 -1.722187 
4.907755 1.765141 
6.719121 0.770857 
6.914427 -0.629247 
-1.596684 2.897453 
-5.526958 -2.008832 
6.643801 -0.257334 
2.775676 2.906913 
2.535661 2.396384 
-3.647665 2.285333 
6.216134 -1.249142 
-5.340796 1.559984 
-0.467813 2.876158 
3.742313 2.666641 
-5.500650 1.774375 
-4.987062 2.111568 
4.590556 2.000917 
-6.591390 1.079607 
5.973948 1.361178 
-4.798488 -1.905813 
6.824586 0.116345 
-6.163216 -1.176001 
1.617506 -2.659564 
1.038010 3.202768 
-6.521034 0.955511 
-6.373338 -1.367178 
6.609468 0.884088 
-6.999214 0.093648 
-4.161598 -2.147217 
1.219827 2.883053 
3.416558 -2.596943 
6.934005 -0.418963 
4.296585 -2.293820 
-7.234352 -0.396443 
-1.311529 2.990750 
0.052194 -2.960157 
0.190161 2.959664 
6.875192 -0.615875 
-4.944352 -2.130050 
-5.613638 -1.932589 
3.117399 2.707420 
5.900683 1.704954 
-0.212764 2.954859 
4.600396 -2.169397 
6.068013 -1.894067 
-2.248479 -3.066012 
-0.763143 -3.578034 
0.872137 3.080356 
-6.378414 -1.577839 
2.514853 -2.835574 
-5.589095 1.906091 
7.020584 -0.207521 
6.088096 1.519375 
-3.004008 2.537187 
-6.484658 -0.262943 
6.165442 1.235579 
-1.148333 -3.268317 
-6.579518 -1.057426 
-6.863380 -0.393809 
3.662828 -2.913225 
4.463668 -2.192507 
1.676453 -2.773600 
-2.880224 2.555193 
