0.602880   322.287929
0.612880   323.243832
0.622880   327.518033
0.632880   330.877306
0.642880   333.750838
0.652880   330.090403
0.662880   332.018746
0.672880   331.818675
0.682880   331.118076
0.692880   332.628382
0.702880   331.731473
0.712880   332.108307
0.722880   331.529249
0.732880   331.406071
0.742880   330.698686
0.752880   330.019306
0.762880   328.497681
0.772880   327.760446
0.782880   327.930588
0.792880   328.805507
0.802880   329.610094
0.812880   329.314954
0.822880   329.855568
0.832880   329.816871
0.842880   331.366882
0.852880   330.497338
0.862880   330.792413
0.872880   331.245683
0.882880   331.251202
0.892880   330.769083
0.902880   331.068634
0.912880   330.925472
0.922880   331.449063
0.932880   329.744988
0.942880   329.611711
0.952880   328.792398
0.962880   328.542969
0.972880   328.722703
0.982880   328.776527
0.992880   328.370825
1.002880   327.706387
1.012880   327.298901
1.022880   327.403254
1.032880   327.367229
1.042880   328.249927
1.052880   328.533920
1.062880   329.460285
1.072880   329.935292
1.082880   330.565077
1.092880   331.464275
1.102880   331.547465
1.112880   331.093322
1.122880   331.380083
1.132880   331.401858
1.142880   331.206980
1.152880   330.923151
1.162880   330.991610
1.172880   330.501345
1.182880   329.537792
1.192880   328.835756
1.202880   327.492097
1.212880   326.008551
1.222880   326.410973
1.232880   327.118287
1.242880   327.488634
1.252880   327.978828
1.262880   327.921838
1.272880   328.387628
1.282880   328.815455
1.292880   328.833119
1.302880   329.634157
1.312880   330.226826
1.322880   331.251788
1.332880   331.409393
1.342880   332.199682
1.352880   332.257771
1.362880   333.013018
1.372880   333.771058
1.382880   333.986415
1.392880   332.370712
1.402880   329.737566
1.412880   329.885449
1.422880   328.886382
1.432880   325.717063
1.442880   325.822293
1.452880   326.216520
1.462880   326.543598
1.472880   327.212005
1.482880   327.026051
1.492880   327.360146
1.502880   326.570015
1.512880   327.510763
1.522880   328.051594
1.532880   329.738208
1.542880   330.168675
1.552880   330.591701
1.562880   331.725843
1.572880   331.794825
1.582880   331.770154
1.592880   331.980333
1.602880   333.220463
1.612880   333.342982
1.622880   333.516779
1.632880   331.483581
1.642880   330.796987
1.652880   330.394226
1.662880   328.533684
1.672880   325.812003
1.682880   326.393356
1.692880   327.040512
1.702880   326.760907
1.712880   326.942090
1.722880   327.029667
1.732880   327.297743
1.742880   327.760752
1.752880   327.554121
1.762880   327.944924
1.772880   328.081787
1.782880   328.879692
1.792880   329.575872
1.802880   330.129399
1.812880   330.562805
1.822880   330.559460
1.832880   330.263096
1.842880   330.135308
1.852880   330.802888
1.862880   331.034186
1.872880   330.251848
1.882880   329.412956
1.892880   328.051132
1.902880   324.646912
1.912880   324.123449
1.922880   324.610469
1.932880   324.718170
1.942880   325.010609
1.952880   326.004859
1.962880   326.764369
1.972880   327.286907
1.982880   327.886893
1.992880   327.349680
2.002880   327.802345
2.012880   328.801275
2.022880   328.858165
2.032880   327.671911
2.042880   328.284560
2.052880   328.065444
2.062880   328.175336
2.072880   328.074494
2.082880   327.544641
2.092880   327.732128
2.102880   328.332912
2.112880   327.880251
2.122880   327.151379
2.132880   326.392087
2.142880   325.789456
2.152880   325.620414
2.162880   325.824594
2.172880   326.047997
2.182880   326.344819
2.192880   327.170055
2.202880   327.627362
2.212880   327.650768
2.222880   327.623525
2.232880   328.010439
2.242880   328.727975
2.252880   329.193691
2.262880   329.670908
2.272880   329.361027
2.282880   329.937298
2.292880   329.541460
2.302880   328.929207
2.312880   329.301162
2.322880   329.058619
2.332880   327.725405
2.342880   325.702230
2.352880   325.294258
2.362880   325.798583
2.372880   325.677488
2.382880   326.446433
2.392880   327.165369
2.402880   327.909690
2.412880   328.727153
2.422880   328.483044
2.432880   328.987214
2.442880   329.453638
2.452880   329.739978
2.462880   330.191865
2.472880   330.641214
2.482880   331.512419
2.492880   330.979647
2.502880   330.910370
2.512880   332.341940
2.522880   331.690848
2.532880   331.889484
2.542880   331.931850
2.552880   330.694057
2.562880   330.157827
2.572880   329.362267
2.582880   328.066377
2.592880   328.209572
2.602880   328.273491
2.612880   327.802689
2.622880   327.494186
2.632880   327.443547
2.642880   327.123658
2.652880   327.415508
2.662880   326.569339
2.672880   326.295930
2.682880   325.755464
2.692880   326.623379
2.702880   322.972963
2.712880   322.171177